5 0.22463114754098362 0.6146994535519126 0.11142418032786885 0.39799635701275043
5 0.42098360655737704 0.5833333333333334 0.1261577868852459 0.45265938069216755
5 0.5962704918032787 0.5833333333333334 0.12609631147540978 0.4324225865209471
5 0.7243340163934426 0.41743169398907104 0.038401639344262314 0.15724954462659377
5 0.8620491803278688 0.5661384335154827 0.159016393442623 0.4344444444444444
5 0.045368852459016396 0.5165755919854281 0.05343237704918034 0.30697632058287794
5 0.09545081967213115 0.5165755919854281 0.04658811475409836 0.2584153005464481
5 0.24968237704918034 0.4275409836065574 0.0271823770491803 0.12892531876138438
5 0.2724487704918033 0.4396903460837887 0.02489754098360654 0.14105646630236798
5 0.3185450819672131 0.4285610200364299 0.01691598360655737 0.11879781420765022
5 0.344733606557377 0.409344262295082 0.02145491803278694 0.07632058287795988
5 0.22691598360655738 0.39315118397085613 0.02946721311475409 0.06823315118397082
