7 0.3953125 0.32083333333333336 0.028125 0.0375
7 0.36015625 0.3229166666666667 0.0296875 0.041666666666666664
8 0.54765625 0.32395833333333335 0.0453125 0.07708333333333334
7 0.4984375 0.3260416666666667 0.025 0.035416666666666666
7 0.47109375 0.3375 0.0296875 0.041666666666666664
7 0.38515625 0.3416666666666667 0.0296875 0.03333333333333333
7 0.4796875 0.3729166666666667 0.034375 0.041666666666666664
7 0.315625 0.3854166666666667 0.040625 0.05
7 0.496875 0.41354166666666664 0.040625 0.052083333333333336
7 0.359375 0.428125 0.046875 0.06875
8 0.67109375 0.4510416666666667 0.1109375 0.16875
7 0.54375 0.5572916666666666 0.090625 0.13958333333333334
7 0.61171875 0.73125 0.1203125 0.19166666666666668
7 0.6875 0.915625 0.190625 0.16875
