7 0.46875 0.340625 0.0375 0.052083333333333336
7 0.3859375 0.35833333333333334 0.040625 0.04583333333333333
8 0.54765625 0.3625 0.0828125 0.10833333333333334
7 0.48046875 0.371875 0.0453125 0.05625
8 0.61640625 0.378125 0.0546875 0.09791666666666667
7 0.38125 0.38958333333333334 0.05 0.05416666666666667
8 0.28828125 0.3927083333333333 0.0984375 0.15208333333333332
6 0.19921875 0.3958333333333333 0.1046875 0.1375
8 0.7 0.4708333333333333 0.090625 0.14583333333333334
7 0.51328125 0.478125 0.0640625 0.08541666666666667
8 0.22578125 0.48854166666666665 0.1515625 0.18125
7 0.35078125 0.5041666666666667 0.0578125 0.1
7 0.078125 0.571875 0.109375 0.15208333333333332
8 0.884375 0.6427083333333333 0.159375 0.2604166666666667
7 0.590625 0.6447916666666667 0.1 0.16875
7 0.76875 0.7229166666666667 0.128125 0.1875
7 0.24453125 0.809375 0.1953125 0.23541666666666666
