7 0.3515625 0.3416666666666667 0.025 0.03333333333333333
8 0.52734375 0.34479166666666666 0.0453125 0.06875
8 0.26484375 0.3645833333333333 0.0484375 0.075
7 0.3796875 0.365625 0.03125 0.03958333333333333
8 0.5875 0.36666666666666664 0.046875 0.058333333333333334
8 0.31875 0.36875 0.059375 0.075
7 0.48046875 0.38958333333333334 0.0359375 0.041666666666666664
7 0.4984375 0.425 0.04375 0.058333333333333334
7 0.35859375 0.42604166666666665 0.0421875 0.052083333333333336
7 0.29296875 0.440625 0.0484375 0.05625
7 0.52578125 0.48333333333333334 0.0578125 0.06666666666666667
7 0.3171875 0.5739583333333333 0.08125 0.09791666666666667
8 0.05 0.5739583333333333 0.1 0.16875
7 0.56953125 0.60625 0.0859375 0.1375
7 0.09765625 0.7375 0.1171875 0.14166666666666666
7 0.234375 0.8322916666666667 0.134375 0.17708333333333334
