8 0.54375 0.36666666666666664 0.040625 0.058333333333333334
7 0.51640625 0.390625 0.0234375 0.04375
7 0.48828125 0.40208333333333335 0.0296875 0.041666666666666664
8 0.53828125 0.41770833333333335 0.0390625 0.06875
8 0.3453125 0.43125 0.065625 0.10416666666666667
8 0.60859375 0.43645833333333334 0.0640625 0.08958333333333333
7 0.50546875 0.4427083333333333 0.0328125 0.04791666666666667
7 0.39609375 0.4666666666666667 0.0421875 0.05416666666666667
8 0.25859375 0.5229166666666667 0.1359375 0.20833333333333334
7 0.3671875 0.5458333333333333 0.075 0.125
7 0.58203125 0.5697916666666667 0.1046875 0.10625
8 0.1359375 0.5770833333333333 0.11875 0.10833333333333334
7 0.33671875 0.6260416666666667 0.0859375 0.10625
7 0.5859375 0.7020833333333333 0.10625 0.175
8 0.115625 0.725 0.225 0.2833333333333333
7 0.28359375 0.86875 0.1421875 0.1875
