7 0.390625 0.3489583333333333 0.0375 0.04375
7 0.56328125 0.35 0.0359375 0.03333333333333333
7 0.51640625 0.35104166666666664 0.0359375 0.05625
8 0.27734375 0.353125 0.0484375 0.09375
8 0.33046875 0.3645833333333333 0.0515625 0.0875
7 0.48125 0.3645833333333333 0.040625 0.04583333333333333
7 0.3609375 0.4270833333333333 0.05625 0.07083333333333333
8 0.62578125 0.4552083333333333 0.1234375 0.17291666666666666
7 0.51015625 0.4739583333333333 0.0640625 0.08125
8 0.83125 0.5083333333333333 0.140625 0.17083333333333334
8 0.078125 0.5104166666666666 0.1125 0.15416666666666667
7 0.5515625 0.5875 0.08125 0.1125
7 0.3046875 0.6125 0.09375 0.1375
7 0.14765625 0.6302083333333334 0.1328125 0.15625
8 0.81171875 0.6833333333333333 0.2578125 0.375
7 0.13828125 0.721875 0.0015625 0.0020833333333333333
