8 0.31171875 0.3802083333333333 0.0453125 0.06458333333333334
8 0.58515625 0.43333333333333335 0.0578125 0.08333333333333333
7 0.346875 0.46458333333333335 0.053125 0.06666666666666667
7 0.7 0.4791666666666667 0.0625 0.0625
7 0.52421875 0.5104166666666666 0.0640625 0.09166666666666666
7 0.646875 0.5604166666666667 0.06875 0.1
8 0.88359375 0.6208333333333333 0.1265625 0.20833333333333334
8 0.75078125 0.6322916666666667 0.1453125 0.24375
7 0.57421875 0.6572916666666667 0.0921875 0.13541666666666666
8 0.22109375 0.803125 0.1359375 0.16458333333333333
