6 0.4796875 0.34791666666666665 0.05625 0.1
8 0.33203125 0.3541666666666667 0.0578125 0.08333333333333333
7 0.38046875 0.38125 0.0390625 0.04583333333333333
7 0.484375 0.3927083333333333 0.040625 0.05625
8 0.26640625 0.39375 0.0578125 0.075
8 0.57578125 0.41458333333333336 0.0828125 0.14583333333333334
7 0.35546875 0.4375 0.0484375 0.04583333333333333
8 0.69140625 0.4375 0.1140625 0.15
7 0.215625 0.5145833333333333 0.075 0.075
7 0.52734375 0.5302083333333333 0.0640625 0.10208333333333333
7 0.68515625 0.5875 0.0921875 0.1375
8 0.146875 0.6197916666666666 0.115625 0.17291666666666666
7 0.29921875 0.65 0.0984375 0.1125
6 0.8578125 0.76875 0.284375 0.4625
7 0.678125 0.8385416666666666 0.1625 0.24791666666666667
