8 0.34453125 0.42604166666666665 0.0609375 0.09375
8 0.54921875 0.434375 0.0421875 0.07708333333333334
8 0.628125 0.4479166666666667 0.078125 0.1125
7 0.5125 0.4791666666666667 0.040625 0.06666666666666667
8 0.27421875 0.5135416666666667 0.1203125 0.18541666666666667
7 0.36796875 0.5489583333333333 0.0671875 0.08958333333333333
8 0.13359375 0.5927083333333333 0.1234375 0.13958333333333334
7 0.3421875 0.6041666666666666 0.065625 0.1
8 0.12734375 0.7 0.1953125 0.2375
7 0.63984375 0.7104166666666667 0.1078125 0.1875
7 0.284375 0.8333333333333334 0.13125 0.175
7 0.678125 0.9364583333333333 0.1625 0.12708333333333333
