7 0.384375 0.35 0.040625 0.04583333333333333
8 0.6609375 0.40208333333333335 0.078125 0.12916666666666668
8 0.60078125 0.44479166666666664 0.1015625 0.16041666666666668
8 0.1671875 0.48333333333333334 0.096875 0.10833333333333334
7 0.50390625 0.49583333333333335 0.0734375 0.08333333333333333
8 0.72578125 0.496875 0.1046875 0.11875
7 0.32265625 0.5364583333333334 0.0765625 0.09375
7 0.5296875 0.5604166666666667 0.08125 0.1
8 0.8640625 0.6010416666666667 0.1375 0.18541666666666667
7 0.15859375 0.6583333333333333 0.1359375 0.15416666666666667
7 0.56015625 0.6666666666666666 0.1015625 0.1375
7 0.60234375 0.7697916666666667 0.1265625 0.16041666666666668
7 0.8046875 0.778125 0.140625 0.18125
7 0.665625 0.9208333333333333 0.178125 0.15833333333333333
