7 0.46328125 0.3229166666666667 0.0234375 0.0375
8 0.515625 0.33229166666666665 0.028125 0.052083333333333336
7 0.3796875 0.3375 0.03125 0.029166666666666667
7 0.334375 0.35520833333333335 0.03125 0.04791666666666667
7 0.37421875 0.37083333333333335 0.0328125 0.03333333333333333
7 0.48671875 0.3729166666666667 0.0328125 0.03333333333333333
7 0.50859375 0.43125 0.0421875 0.058333333333333334
6 0.2296875 0.4708333333333333 0.13125 0.17916666666666667
7 0.54296875 0.5010416666666667 0.0671875 0.09375
8 0.0765625 0.534375 0.153125 0.18958333333333333
7 0.759375 0.6791666666666667 0.103125 0.14583333333333334
7 0.25234375 0.7427083333333333 0.1296875 0.15625
