8 0.578125 0.3489583333333333 0.046875 0.08541666666666667
8 0.5375 0.36354166666666665 0.059375 0.09375
7 0.48359375 0.36875 0.0328125 0.041666666666666664
7 0.37265625 0.375 0.0328125 0.03333333333333333
7 0.63046875 0.37916666666666665 0.0328125 0.058333333333333334
7 0.26953125 0.38958333333333334 0.0328125 0.06666666666666667
8 0.31328125 0.3958333333333333 0.0578125 0.10833333333333334
7 0.690625 0.42083333333333334 0.05625 0.0875
7 0.36640625 0.421875 0.0484375 0.052083333333333336
7 0.5015625 0.4427083333333333 0.05 0.07291666666666667
7 0.365625 0.4666666666666667 0.05 0.058333333333333334
7 0.82265625 0.5114583333333333 0.0578125 0.11875
8 0.7609375 0.5322916666666667 0.0875 0.16041666666666668
7 0.56484375 0.60625 0.1046875 0.17083333333333334
7 0.9578125 0.6104166666666667 0.084375 0.075
8 0.02265625 0.646875 0.0453125 0.20625
7 0.78515625 0.73125 0.1234375 0.19166666666666668
8 0.96171875 0.7635416666666667 0.0765625 0.2604166666666667
7 0.17578125 0.9489583333333333 0.1671875 0.10208333333333333
