8 0.53359375 0.309375 0.0515625 0.07291666666666667
7 0.33203125 0.36041666666666666 0.0453125 0.0625
7 0.4734375 0.359375 0.0375 0.052083333333333336
8 0.56640625 0.3729166666666667 0.0796875 0.10416666666666667
7 0.36875 0.39479166666666665 0.05625 0.08125
7 0.50234375 0.425 0.0609375 0.10416666666666667
7 0.334375 0.47604166666666664 0.06875 0.10208333333333333
7 0.52734375 0.5125 0.0796875 0.125
7 0.21171875 0.5197916666666667 0.0890625 0.11458333333333333
7 0.57265625 0.64375 0.1140625 0.15833333333333333
8 0.83359375 0.7989583333333333 0.3328125 0.40208333333333335
7 0.646875 0.878125 0.159375 0.24375
