7 0.4015625 0.3 0.025 0.029166666666666667
8 0.49609375 0.30104166666666665 0.0328125 0.06041666666666667
7 0.46796875 0.3260416666666667 0.0234375 0.03125
6 0.3796875 0.34375 0.05 0.075
8 0.58203125 0.3458333333333333 0.0546875 0.06666666666666667
7 0.48359375 0.34479166666666666 0.0234375 0.03125
8 0.309375 0.35 0.075 0.10833333333333334
7 0.4859375 0.3697916666666667 0.03125 0.035416666666666666
7 0.36875 0.4041666666666667 0.046875 0.07083333333333333
7 0.5796875 0.4354166666666667 0.05 0.0625
7 0.50703125 0.44166666666666665 0.0421875 0.05
7 0.30625 0.5625 0.08125 0.10416666666666667
7 0.93125 0.9395833333333333 0.1375 0.12083333333333333
