8 0.5359375 0.35 0.0625 0.1125
7 0.37734375 0.37083333333333335 0.0328125 0.041666666666666664
7 0.58671875 0.371875 0.0421875 0.035416666666666666
6 0.6390625 0.3729166666666667 0.0625 0.08333333333333333
7 0.48984375 0.41041666666666665 0.0390625 0.04583333333333333
8 0.68125 0.42916666666666664 0.084375 0.0875
8 0.2796875 0.434375 0.059375 0.07708333333333334
7 0.50078125 0.4479166666666667 0.0484375 0.05416666666666667
8 0.615625 0.4552083333333333 0.075 0.11041666666666666
7 0.51875 0.5291666666666667 0.05625 0.07916666666666666
7 0.31328125 0.575 0.0765625 0.08333333333333333
8 0.75390625 0.6416666666666667 0.2421875 0.35
7 0.57265625 0.6708333333333333 0.0921875 0.15416666666666667
