6 0.3453125 0.34479166666666666 0.03125 0.05625
7 0.38515625 0.359375 0.0328125 0.03958333333333333
6 0.54375 0.3645833333333333 0.053125 0.08333333333333333
8 0.65 0.396875 0.08125 0.11458333333333333
7 0.490625 0.39895833333333336 0.040625 0.04375
8 0.55625 0.41770833333333335 0.028125 0.07291666666666667
8 0.596875 0.4322916666666667 0.071875 0.13541666666666666
7 0.5 0.43333333333333335 0.0375 0.05
7 0.72578125 0.43645833333333334 0.0578125 0.08125
7 0.51484375 0.4875 0.0578125 0.075
8 0.665625 0.5385416666666667 0.1 0.17708333333333334
7 0.04765625 0.59375 0.0921875 0.0875
8 0.8484375 0.621875 0.246875 0.24375
7 0.58984375 0.6885416666666667 0.0984375 0.13958333333333334
7 0.275 0.7125 0.096875 0.12916666666666668
7 0.8640625 0.9072916666666667 0.190625 0.18541666666666667
