8 0.321875 0.321875 0.028125 0.04375
7 0.3953125 0.3385416666666667 0.025 0.035416666666666666
7 0.35234375 0.3416666666666667 0.0296875 0.0375
8 0.603125 0.36041666666666666 0.0625 0.09583333333333334
7 0.48203125 0.365625 0.0296875 0.03125
7 0.5390625 0.384375 0.034375 0.04375
7 0.490625 0.396875 0.034375 0.04791666666666667
8 0.29375 0.4083333333333333 0.059375 0.0875
7 0.228125 0.4197916666666667 0.053125 0.07291666666666667
7 0.49609375 0.44583333333333336 0.0484375 0.0625
8 0.8546875 0.48125 0.1125 0.1125
8 0.64375 0.49583333333333335 0.134375 0.22083333333333333
7 0.1171875 0.5427083333333333 0.08125 0.08958333333333333
7 0.53203125 0.54375 0.0671875 0.1
7 0.3 0.5916666666666667 0.084375 0.1125
8 0.85703125 0.621875 0.1359375 0.16875
7 0.58125 0.678125 0.103125 0.15208333333333332
