6 0.4640625 0.32083333333333336 0.034375 0.0625
8 0.51953125 0.3333333333333333 0.0453125 0.075
7 0.33828125 0.3489583333333333 0.0296875 0.035416666666666666
7 0.3765625 0.35 0.034375 0.03333333333333333
6 0.534375 0.35833333333333334 0.0625 0.0875
7 0.4734375 0.36354166666666665 0.028125 0.03125
8 0.6625 0.3875 0.1 0.1125
7 0.48125 0.3927083333333333 0.0375 0.04375
7 0.3703125 0.4041666666666667 0.034375 0.05
7 0.28671875 0.40729166666666666 0.0390625 0.04375
7 0.490625 0.4354166666666667 0.05 0.0625
6 0.58515625 0.4354166666666667 0.0828125 0.15833333333333333
7 0.509375 0.45208333333333334 0.04375 0.0375
7 0.71640625 0.490625 0.0359375 0.06458333333333334
8 0.65546875 0.5 0.1234375 0.22916666666666666
7 0.51484375 0.50625 0.0640625 0.0875
7 0.7609375 0.5260416666666666 0.065625 0.07291666666666667
7 0.5515625 0.5729166666666666 0.096875 0.12083333333333333
7 0.79765625 0.578125 0.0703125 0.09791666666666667
7 0.859375 0.6041666666666666 0.09375 0.07083333333333333
7 0.6984375 0.6270833333333333 0.096875 0.14166666666666666
7 0.559375 0.6552083333333333 0.096875 0.11875
7 0.596875 0.7916666666666666 0.121875 0.18333333333333332
8 0.878125 0.8177083333333334 0.24375 0.3645833333333333
7 0.6484375 0.8989583333333333 0.15 0.19791666666666666
