7 0.39609375 0.32395833333333335 0.0203125 0.03125
7 0.4703125 0.328125 0.034375 0.03958333333333333
8 0.33203125 0.3302083333333333 0.0546875 0.09375
7 0.39296875 0.34375 0.0359375 0.04583333333333333
7 0.528125 0.36770833333333336 0.040625 0.052083333333333336
7 0.48046875 0.384375 0.0328125 0.04791666666666667
8 0.303125 0.3854166666666667 0.05625 0.09166666666666666
7 0.38125 0.38958333333333334 0.04375 0.04583333333333333
7 0.3484375 0.44166666666666665 0.046875 0.058333333333333334
7 0.59921875 0.46458333333333335 0.0546875 0.07916666666666666
8 0.09375 0.4895833333333333 0.13125 0.12083333333333333
8 0.215625 0.5260416666666666 0.103125 0.20625
8 0.71640625 0.5583333333333333 0.1484375 0.23333333333333334
7 0.63125 0.8427083333333333 0.134375 0.18541666666666667
