8 0.34453125 0.3958333333333333 0.0265625 0.0375
7 0.38046875 0.4010416666666667 0.0296875 0.035416666666666666
7 0.41484375 0.4083333333333333 0.0265625 0.025
7 0.37265625 0.41875 0.0265625 0.03333333333333333
7 0.40703125 0.43125 0.0234375 0.029166666666666667
8 0.28671875 0.434375 0.0453125 0.06458333333333334
8 0.34375 0.45208333333333334 0.04375 0.058333333333333334
7 0.5 0.453125 0.034375 0.04375
7 0.4 0.4666666666666667 0.034375 0.041666666666666664
8 0.23828125 0.47291666666666665 0.0453125 0.07083333333333333
8 0.2875 0.5052083333333334 0.0625 0.08958333333333333
8 0.19921875 0.5104166666666666 0.0796875 0.1
7 0.36328125 0.5875 0.0609375 0.075
8 0.225 0.609375 0.103125 0.14791666666666667
7 0.32890625 0.7208333333333333 0.1015625 0.12916666666666668
7 0.09140625 0.925 0.1484375 0.15
