7 0.4671875 0.3177083333333333 0.01875 0.03125
7 0.4734375 0.33125 0.021875 0.025
7 0.3984375 0.33229166666666665 0.025 0.03125
8 0.5875 0.346875 0.040625 0.06041666666666667
7 0.4734375 0.3625 0.025 0.0375
7 0.378125 0.3645833333333333 0.034375 0.04583333333333333
8 0.54375 0.365625 0.05625 0.11041666666666666
7 0.36640625 0.41875 0.0578125 0.075
8 0.66015625 0.42604166666666665 0.0640625 0.11458333333333333
7 0.32890625 0.5104166666666666 0.0515625 0.09583333333333334
7 0.2328125 0.5385416666666667 0.078125 0.09791666666666667
7 0.70859375 0.64375 0.1046875 0.15833333333333333
7 0.59375 0.675 0.09375 0.13333333333333333
