8 0.3234375 0.41770833333333335 0.034375 0.052083333333333336
7 0.40234375 0.42916666666666664 0.0328125 0.0375
8 0.28125 0.45416666666666666 0.040625 0.058333333333333334
7 0.334375 0.46458333333333335 0.0375 0.04583333333333333
7 0.39375 0.47708333333333336 0.034375 0.05
7 0.3015625 0.496875 0.034375 0.035416666666666666
7 0.384375 0.5166666666666667 0.04375 0.05416666666666667
7 0.3015625 0.5322916666666667 0.04375 0.05625
8 0.18828125 0.5333333333333333 0.0890625 0.1125
7 0.35859375 0.6083333333333333 0.0609375 0.07916666666666666
8 0.08828125 0.6177083333333333 0.1140625 0.15208333333333332
8 0.2171875 0.625 0.115625 0.15416666666666667
7 0.7203125 0.6770833333333334 0.09375 0.1375
