8 0.3234375 0.315625 0.028125 0.04375
7 0.3953125 0.3385416666666667 0.025 0.035416666666666666
7 0.35546875 0.340625 0.0234375 0.035416666666666666
8 0.60546875 0.36354166666666665 0.0671875 0.10208333333333333
7 0.48203125 0.365625 0.0296875 0.03125
7 0.5390625 0.384375 0.034375 0.04375
8 0.296875 0.4 0.059375 0.0875
7 0.490625 0.4010416666666667 0.034375 0.04791666666666667
7 0.234375 0.415625 0.053125 0.07291666666666667
7 0.50078125 0.45625 0.0484375 0.0625
8 0.6546875 0.515625 0.15 0.22291666666666668
7 0.13828125 0.521875 0.0734375 0.08958333333333333
8 0.8859375 0.5375 0.11875 0.18333333333333332
7 0.53671875 0.55625 0.0671875 0.1
7 0.31015625 0.5625 0.0765625 0.1
8 0.875 0.6375 0.146875 0.18333333333333332
7 0.59296875 0.7104166666666667 0.1078125 0.1625
7 0.20625 0.9177083333333333 0.153125 0.16458333333333333
