7 0.28828125 0.35208333333333336 0.0171875 0.041666666666666664
7 0.54375 0.3645833333333333 0.03125 0.05416666666666667
7 0.2671875 0.38958333333333334 0.046875 0.05416666666666667
7 0.5015625 0.40208333333333335 0.040625 0.05
7 0.37578125 0.403125 0.0265625 0.04375
7 0.625 0.403125 0.025 0.052083333333333336
7 0.5734375 0.4166666666666667 0.0375 0.0875
7 0.5078125 0.4895833333333333 0.05625 0.07916666666666666
7 0.84140625 0.5854166666666667 0.0421875 0.1125
8 0.7453125 0.628125 0.18125 0.29791666666666666
6 0.575 0.6645833333333333 0.090625 0.18333333333333332
7 0.1265625 0.696875 0.10625 0.14791666666666667
