8 0.3203125 0.31354166666666666 0.034375 0.052083333333333336
7 0.384375 0.346875 0.0375 0.04375
8 0.3296875 0.353125 0.03125 0.035416666666666666
7 0.34921875 0.3802083333333333 0.0359375 0.03958333333333333
8 0.56328125 0.3885416666666667 0.0640625 0.09791666666666667
7 0.36875 0.4041666666666667 0.040625 0.04583333333333333
7 0.20546875 0.546875 0.0796875 0.11458333333333333
7 0.32421875 0.55 0.0859375 0.1125
7 0.7109375 0.578125 0.1625 0.22291666666666668
7 0.08203125 0.584375 0.1015625 0.10625
7 0.5640625 0.61875 0.0875 0.125
7 0.28671875 0.7291666666666666 0.1328125 0.15833333333333333
