7 0.27265625 0.371875 0.0359375 0.04375
8 0.61171875 0.37604166666666666 0.0578125 0.08958333333333333
8 0.55078125 0.38125 0.0484375 0.07083333333333333
7 0.36953125 0.384375 0.0328125 0.04375
7 0.3046875 0.40625 0.040625 0.04583333333333333
7 0.57265625 0.4270833333333333 0.0328125 0.058333333333333334
7 0.36171875 0.42916666666666664 0.0359375 0.04583333333333333
8 0.6859375 0.43854166666666666 0.05 0.10208333333333333
7 0.5046875 0.4427083333333333 0.04375 0.04791666666666667
7 0.59765625 0.44583333333333336 0.0390625 0.05416666666666667
8 0.765625 0.484375 0.10625 0.13958333333333334
7 0.5171875 0.4875 0.05625 0.058333333333333334
8 0.6265625 0.5052083333333334 0.078125 0.11875
7 0.5390625 0.5177083333333333 0.059375 0.035416666666666666
8 0.66875 0.5572916666666666 0.096875 0.19375
8 0.53671875 0.5885416666666666 0.0890625 0.11041666666666666
8 0.73984375 0.6385416666666667 0.0515625 0.15208333333333332
8 0.853125 0.70625 0.225 0.31666666666666665
7 0.58203125 0.7260416666666667 0.1015625 0.14375
7 0.59609375 0.8197916666666667 0.0890625 0.12708333333333333
8 0.928125 0.8520833333333333 0.14375 0.29583333333333334
7 0.6484375 0.946875 0.146875 0.10625
