7 0.4640625 0.3260416666666667 0.0125 0.022916666666666665
7 0.38671875 0.35833333333333334 0.0390625 0.041666666666666664
7 0.4796875 0.36666666666666664 0.04375 0.0625
8 0.59765625 0.36770833333333336 0.0421875 0.08125
8 0.54453125 0.37083333333333335 0.0671875 0.1375
7 0.3734375 0.39895833333333336 0.03125 0.035416666666666666
8 0.67265625 0.4354166666666667 0.0609375 0.12083333333333333
7 0.34375 0.484375 0.065625 0.08541666666666667
7 0.25390625 0.49270833333333336 0.0546875 0.08125
7 0.7640625 0.7229166666666667 0.11875 0.1625
7 0.63359375 0.74375 0.1046875 0.1875
