8 0.34140625 0.29375 0.0328125 0.05416666666666667
7 0.35 0.3416666666666667 0.0375 0.04583333333333333
8 0.32265625 0.38333333333333336 0.0765625 0.08333333333333333
7 0.4890625 0.43333333333333335 0.046875 0.06666666666666667
8 0.60546875 0.4375 0.1484375 0.17083333333333334
7 0.36171875 0.45416666666666666 0.0765625 0.08333333333333333
8 0.1515625 0.45625 0.153125 0.20833333333333334
7 0.51953125 0.49895833333333334 0.0734375 0.11041666666666666
7 0.8265625 0.5114583333333333 0.084375 0.13125
8 0.23046875 0.5229166666666667 0.0984375 0.15
8 0.6796875 0.5270833333333333 0.18125 0.21666666666666667
6 0.5453125 0.5854166666666667 0.121875 0.12916666666666668
7 0.2859375 0.646875 0.1125 0.13541666666666666
7 0.58203125 0.7083333333333334 0.1515625 0.14583333333333334
8 0.8296875 0.75625 0.315625 0.4875
7 0.6125 0.8708333333333333 0.16875 0.24166666666666667
7 0.203125 0.9677083333333333 0.225 0.06458333333333334
7 0.69375 0.9697916666666667 0.146875 0.06041666666666667
