8 0.62734375 0.35520833333333335 0.0765625 0.11041666666666666
7 0.38046875 0.38229166666666664 0.0359375 0.05625
8 0.2171875 0.4166666666666667 0.05 0.0875
8 0.6671875 0.41770833333333335 0.078125 0.08125
7 0.575 0.4270833333333333 0.03125 0.058333333333333334
7 0.35546875 0.43125 0.0421875 0.05416666666666667
7 0.49765625 0.44895833333333335 0.0421875 0.06041666666666667
7 0.59453125 0.45416666666666666 0.0484375 0.06666666666666667
7 0.51484375 0.48125 0.0515625 0.0625
8 0.7671875 0.4822916666666667 0.1 0.10625
8 0.234375 0.496875 0.13125 0.20208333333333334
8 0.640625 0.5 0.1 0.10416666666666667
8 0.5265625 0.515625 0.053125 0.03958333333333333
8 0.675 0.5416666666666666 0.09375 0.18333333333333332
8 0.56171875 0.5760416666666667 0.0828125 0.11875
8 0.9078125 0.59375 0.184375 0.2
8 0.53984375 0.6208333333333333 0.0796875 0.14583333333333334
7 0.30546875 0.675 0.1046875 0.14583333333333334
8 0.8515625 0.70625 0.221875 0.31666666666666665
7 0.575 0.7135416666666666 0.075 0.11458333333333333
7 0.6125 0.8302083333333333 0.115625 0.16041666666666668
8 0.928125 0.8520833333333333 0.14375 0.29583333333333334
7 0.1046875 0.853125 0.14375 0.15208333333333332
7 0.64453125 0.9510416666666667 0.1546875 0.09791666666666667
