8 0.30546875 0.378125 0.0640625 0.10208333333333333
7 0.478125 0.384375 0.040625 0.04791666666666667
7 0.38046875 0.3854166666666667 0.0453125 0.04583333333333333
8 0.56171875 0.3927083333333333 0.0828125 0.12708333333333333
8 0.66171875 0.40625 0.0921875 0.1125
8 0.22578125 0.45208333333333334 0.0734375 0.09166666666666666
7 0.50234375 0.46041666666666664 0.0453125 0.0625
7 0.3484375 0.465625 0.059375 0.06458333333333334
7 0.621875 0.5 0.0625 0.1
6 0.7390625 0.596875 0.21875 0.29375
7 0.5875 0.6229166666666667 0.090625 0.13333333333333333
7 0.284375 0.6458333333333334 0.090625 0.1125
7 0.90546875 0.68125 0.1140625 0.13333333333333333
7 0.06171875 0.7447916666666666 0.1234375 0.15625
7 0.65703125 0.8833333333333333 0.1484375 0.23333333333333334
