8 0.3875 0.28229166666666666 0.025 0.03958333333333333
8 0.35390625 0.28958333333333336 0.0203125 0.029166666666666667
7 0.4046875 0.290625 0.01875 0.022916666666666665
7 0.396875 0.3177083333333333 0.025 0.03125
8 0.30546875 0.32395833333333335 0.0453125 0.07708333333333334
8 0.38984375 0.3375 0.0265625 0.041666666666666664
8 0.31484375 0.375 0.0484375 0.07916666666666666
7 0.48125 0.3802083333333333 0.034375 0.05625
8 0.22421875 0.3875 0.0703125 0.09166666666666666
8 0.553125 0.3875 0.046875 0.0875
7 0.37109375 0.4010416666666667 0.0390625 0.04375
8 0.6890625 0.42291666666666666 0.1125 0.18333333333333332
7 0.57109375 0.4239583333333333 0.0328125 0.052083333333333336
7 0.48671875 0.4270833333333333 0.0359375 0.06666666666666667
7 0.5953125 0.4479166666666667 0.04375 0.06666666666666667
7 0.50234375 0.4625 0.0390625 0.0625
7 0.34921875 0.46979166666666666 0.0515625 0.06875
7 0.5171875 0.4947916666666667 0.059375 0.08125
8 0.7578125 0.5083333333333333 0.109375 0.1625
8 0.62265625 0.509375 0.0671875 0.13541666666666666
7 0.53046875 0.534375 0.0640625 0.08541666666666667
8 0.66796875 0.5489583333333333 0.1078125 0.20208333333333334
7 0.55859375 0.5770833333333333 0.0703125 0.10416666666666667
8 0.5359375 0.6229166666666667 0.08125 0.15833333333333333
7 0.2890625 0.634375 0.084375 0.11041666666666666
8 0.76484375 0.6510416666666666 0.0984375 0.16041666666666668
8 0.86328125 0.734375 0.2296875 0.38958333333333334
7 0.5734375 0.7416666666666667 0.1 0.175
7 0.61328125 0.8614583333333333 0.1359375 0.20625
7 0.64296875 0.9510416666666667 0.1515625 0.09791666666666667
