8 0.29296875 0.4322916666666667 0.0515625 0.07291666666666667
6 0.334375 0.44479166666666664 0.0625 0.09791666666666667
8 0.2546875 0.46458333333333335 0.059375 0.0625
7 0.38828125 0.471875 0.0390625 0.04375
8 0.58046875 0.475 0.0421875 0.06666666666666667
7 0.515625 0.49166666666666664 0.03125 0.05416666666666667
7 0.38359375 0.5020833333333333 0.0421875 0.041666666666666664
8 0.27578125 0.5166666666666667 0.0921875 0.13333333333333333
8 0.19609375 0.5177083333333333 0.0828125 0.10625
7 0.3734375 0.540625 0.05 0.06041666666666667
7 0.35234375 0.5864583333333333 0.0640625 0.06458333333333334
7 0.33125 0.6479166666666667 0.075 0.1
8 0.1828125 0.6552083333333333 0.140625 0.19791666666666666
8 0.85546875 0.6572916666666667 0.1484375 0.17291666666666666
8 0.0515625 0.690625 0.103125 0.32708333333333334
7 0.3234375 0.7260416666666667 0.09375 0.13125
8 0.8546875 0.7947916666666667 0.290625 0.41041666666666665
7 0.2890625 0.8645833333333334 0.121875 0.16666666666666666
7 0.66328125 0.8947916666666667 0.1546875 0.21041666666666667
