7 0.5015625 0.425 0.034375 0.04583333333333333
7 0.3953125 0.45416666666666666 0.025 0.041666666666666664
7 0.3203125 0.496875 0.03125 0.06458333333333334
7 0.37890625 0.5208333333333334 0.0453125 0.0625
8 0.25625 0.5364583333333334 0.115625 0.17291666666666666
7 0.35859375 0.584375 0.0671875 0.06875
8 0.15703125 0.646875 0.2265625 0.32708333333333334
7 0.3359375 0.6645833333333333 0.09375 0.13333333333333333
7 0.04453125 0.6791666666666667 0.0640625 0.1
7 0.3 0.7510416666666667 0.09375 0.13541666666666666
8 0.0671875 0.8645833333333334 0.134375 0.2708333333333333
7 0.26171875 0.915625 0.1359375 0.16875
