7 0.340625 0.3770833333333333 0.03125 0.03333333333333333
7 0.37265625 0.4114583333333333 0.0296875 0.03958333333333333
7 0.5375 0.4166666666666667 0.03125 0.05
7 0.49140625 0.42083333333333334 0.0359375 0.05
7 0.415625 0.42291666666666666 0.028125 0.03333333333333333
7 0.40078125 0.43333333333333335 0.0328125 0.041666666666666664
7 0.5890625 0.43333333333333335 0.04375 0.05416666666666667
7 0.35859375 0.4375 0.0328125 0.05
7 0.40546875 0.453125 0.0453125 0.05625
8 0.33125 0.45416666666666666 0.059375 0.0875
7 0.55703125 0.45625 0.0484375 0.07083333333333333
8 0.25078125 0.4635416666666667 0.0796875 0.12291666666666666
7 0.5171875 0.49270833333333336 0.05625 0.06875
8 0.29921875 0.5052083333333334 0.0734375 0.09791666666666667
7 0.365625 0.521875 0.05625 0.07291666666666667
8 0.15 0.5614583333333333 0.140625 0.19375
7 0.08046875 0.575 0.0484375 0.06666666666666667
7 0.36171875 0.5833333333333334 0.0671875 0.07916666666666666
7 0.72734375 0.6145833333333334 0.0859375 0.125
7 0.57890625 0.6614583333333334 0.0953125 0.13541666666666666
7 0.0578125 0.6854166666666667 0.109375 0.12916666666666668
7 0.3 0.728125 0.11875 0.14375
8 0.1328125 0.7395833333333334 0.2 0.2833333333333333
7 0.0359375 0.9697916666666667 0.071875 0.06041666666666667
