7 0.4046875 0.30833333333333335 0.025 0.029166666666666667
7 0.46328125 0.315625 0.0234375 0.03125
8 0.54921875 0.32395833333333335 0.0453125 0.06041666666666667
7 0.5078125 0.3385416666666667 0.025 0.03125
7 0.38515625 0.340625 0.0265625 0.03958333333333333
7 0.4765625 0.34791666666666665 0.025 0.0375
7 0.57578125 0.41458333333333336 0.0578125 0.07083333333333333
6 0.33984375 0.44895833333333335 0.1140625 0.19375
8 0.19140625 0.475 0.1734375 0.23333333333333334
7 0.54921875 0.5395833333333333 0.0796875 0.12916666666666668
7 0.22109375 0.759375 0.1390625 0.19375
7 0.66484375 0.884375 0.1640625 0.21875
7 0.8859375 0.9052083333333333 0.1375 0.18958333333333333
