7 0.4703125 0.35520833333333335 0.025 0.03958333333333333
7 0.59609375 0.38333333333333336 0.0265625 0.041666666666666664
7 0.55 0.39375 0.0375 0.04583333333333333
8 0.21953125 0.39479166666666665 0.0890625 0.11041666666666666
7 0.621875 0.403125 0.028125 0.04791666666666667
7 0.496875 0.43125 0.04375 0.06666666666666667
7 0.57578125 0.43854166666666666 0.0546875 0.06458333333333334
8 0.68671875 0.44375 0.1078125 0.16666666666666666
7 0.51796875 0.471875 0.0515625 0.06041666666666667
7 0.6171875 0.48854166666666665 0.075 0.11458333333333333
7 0.53125 0.5166666666666667 0.06875 0.08333333333333333
7 0.5484375 0.5895833333333333 0.075 0.10833333333333334
7 0.728125 0.6229166666666667 0.10625 0.13333333333333333
7 0.5890625 0.7072916666666667 0.10625 0.13541666666666666
8 0.90859375 0.8729166666666667 0.1828125 0.25416666666666665
7 0.66484375 0.878125 0.1671875 0.24375
