8 0.34453125 0.3020833333333333 0.0265625 0.029166666666666667
8 0.3515625 0.32708333333333334 0.025 0.029166666666666667
7 0.4703125 0.3375 0.025 0.03333333333333333
7 0.384375 0.346875 0.0375 0.04375
7 0.49921875 0.36041666666666666 0.0296875 0.041666666666666664
8 0.56953125 0.37395833333333334 0.0515625 0.07708333333333334
7 0.36796875 0.4239583333333333 0.0484375 0.04791666666666667
7 0.29140625 0.425 0.0421875 0.07916666666666666
7 0.228125 0.434375 0.053125 0.05625
8 0.6234375 0.465625 0.121875 0.15208333333333332
7 0.36015625 0.484375 0.0546875 0.08125
7 0.18671875 0.9208333333333333 0.1328125 0.15833333333333333
